0.000201562
0.0171991
0.0330399
0.0477764
0.0614605
0.074144
0.0858778
0.0967119
0.106696
0.115877
0.124302
0.132018
0.139067
0.145493
0.151335
0.156633
0.161424
0.165742
0.169622
0.173093
0.176185
0.178925
0.181337
0.183444
0.185265
0.18682
0.188123
0.189188
0.190027
0.190648
0.191058
0.191262
0.191262
0.191058
0.190648
0.190027
0.189188
0.188123
0.18682
0.185265
0.183444
0.181337
0.178925
0.176185
0.173093
0.169622
0.165742
0.161424
0.156633
0.151335
0.145493
0.139067
0.132018
0.124302
0.115877
0.106696
0.0967119
0.0858778
0.074144
0.0614605
0.0477764
0.0330399
0.0171991
0.000201562
