0.0418286
0.0418534
0.0419279
0.0420521
0.0422259
0.0424495
0.042723
0.0430463
0.0434197
0.0438431
0.0443168
0.0448408
0.0454153
0.0460405
0.0467165
0.0474435
0.0482218
0.0490514
0.0499327
0.0508658
0.051851
0.0528885
0.0539787
0.0551217
0.0563178
0.0575673
0.0588705
0.0602277
0.0616392
0.0631052
0.0646261
0.0662022
0.0678338
0.0695212
0.0712647
0.0730646
0.0749212
0.0768349
0.0788059
0.0808346
0.0829212
0.0850661
0.0872694
0.0895316
0.0918529
0.0942336
0.0966738
0.0991739
0.101734
0.104355
0.107036
0.109777
0.11258
0.115444
0.118369
0.121355
0.124403
0.127512
0.130684
0.133916
0.137211
0.140567
0.143986
0.147465
0.151007
0.15461
0.158275
0.162001
0.165789
0.169637
0.173546
0.177516
0.181547
0.185637
0.189787
0.193997
0.198266
0.202593
0.206978
0.211421
0.215922
0.220479
0.225092
0.22976
0.234484
0.239261
0.244092
0.248976
0.253912
0.258899
0.263936
0.269024
0.274159
0.279343
0.284573
0.289849
0.29517
0.300534
0.305942
0.311391
0.31688
0.322409
0.327976
0.33358
0.339219
0.344894
0.350601
0.35634
0.36211
0.367909
0.373736
0.379589
0.385467
0.391369
0.397294
0.403239
0.409203
0.415185
0.421183
0.427196
0.433222
0.43926
0.445308
0.451365
0.457429
0.463498
0.469571
0.475647
0.481723
0.487799
0.493872
0.499942
0.506005
0.512062
0.51811
0.524148
0.530175
0.536188
0.542186
0.548169
0.554133
0.560078
0.566002
0.571905
0.577783
0.583637
0.589464
0.595263
0.601033
0.606773
0.612481
0.618155
0.623795
0.6294
0.634967
0.640496
0.645986
0.651436
0.656844
0.662209
0.667531
0.672807
0.678038
0.683223
0.688359
0.693447
0.698485
0.703473
0.70841
0.713295
0.718127
0.722906
0.727631
0.7323
0.736915
0.741473
0.745975
0.75042
0.754807
0.759135
0.763406
0.767617
0.771769
0.775862
0.779894
0.783866
0.787778
0.791629
0.795419
0.799148
0.802815
0.806421
0.809966
0.813449
0.81687
0.82023
0.823528
0.826764
0.829939
0.833052
0.836104
0.839095
0.842024
0.844893
0.8477
0.850447
0.853133
0.855759
0.858325
0.860831
0.863277
0.865664
0.867992
0.87026
0.872471
0.874623
0.876717
0.878753
0.880732
0.882654
0.88452
0.886328
0.888081
0.889778
0.891419
0.893006
0.894537
0.896014
0.897436
0.898805
0.90012
0.901382
0.902591
0.903747
0.904851
0.905902
0.906902
0.90785
0.908747
0.909592
0.910386
0.91113
0.911823
0.912466
0.913059
0.913601
0.914094
0.914537
0.914931
0.915275
0.91557
0.915815
0.916012
0.916159
0.916257
0.916306
0.916306
0.916257
0.916159
0.916012
0.915815
0.91557
0.915275
0.914931
0.914537
0.914094
0.913601
0.913059
0.912466
0.911823
0.91113
0.910386
0.909592
0.908747
0.90785
0.906902
0.905902
0.904851
0.903747
0.902591
0.901382
0.90012
0.898805
0.897436
0.896014
0.894537
0.893006
0.891419
0.889778
0.888081
0.886328
0.88452
0.882654
0.880732
0.878753
0.876717
0.874623
0.872471
0.87026
0.867992
0.865664
0.863277
0.860831
0.858325
0.855759
0.853133
0.850447
0.8477
0.844893
0.842024
0.839095
0.836104
0.833052
0.829939
0.826764
0.823528
0.82023
0.81687
0.813449
0.809966
0.806421
0.802815
0.799148
0.795419
0.791629
0.787778
0.783866
0.779894
0.775862
0.771769
0.767617
0.763406
0.759135
0.754807
0.75042
0.745975
0.741473
0.736915
0.7323
0.727631
0.722906
0.718127
0.713295
0.70841
0.703473
0.698485
0.693447
0.688359
0.683223
0.678038
0.672807
0.667531
0.662209
0.656844
0.651436
0.645986
0.640496
0.634967
0.6294
0.623795
0.618155
0.612481
0.606773
0.601033
0.595263
0.589464
0.583637
0.577783
0.571905
0.566002
0.560078
0.554133
0.548169
0.542186
0.536188
0.530175
0.524148
0.51811
0.512062
0.506005
0.499942
0.493872
0.487799
0.481723
0.475647
0.469571
0.463498
0.457429
0.451365
0.445308
0.43926
0.433222
0.427196
0.421183
0.415185
0.409203
0.403239
0.397294
0.391369
0.385467
0.379589
0.373736
0.367909
0.36211
0.35634
0.350601
0.344894
0.339219
0.33358
0.327976
0.322409
0.31688
0.311391
0.305942
0.300534
0.29517
0.289849
0.284573
0.279343
0.274159
0.269024
0.263936
0.258899
0.253912
0.248976
0.244092
0.239261
0.234484
0.22976
0.225092
0.220479
0.215922
0.211421
0.206978
0.202593
0.198266
0.193997
0.189787
0.185637
0.181547
0.177516
0.173546
0.169637
0.165789
0.162001
0.158275
0.15461
0.151007
0.147465
0.143986
0.140567
0.137211
0.133916
0.130684
0.127512
0.124403
0.121355
0.118369
0.115444
0.11258
0.109777
0.107036
0.104355
0.101734
0.0991739
0.0966738
0.0942336
0.0918529
0.0895316
0.0872694
0.0850661
0.0829212
0.0808346
0.0788059
0.0768349
0.0749212
0.0730646
0.0712647
0.0695212
0.0678338
0.0662022
0.0646261
0.0631052
0.0616392
0.0602277
0.0588705
0.0575673
0.0563178
0.0551217
0.0539787
0.0528885
0.051851
0.0508658
0.0499327
0.0490514
0.0482218
0.0474435
0.0467165
0.0460405
0.0454153
0.0448408
0.0443168
0.0438431
0.0434197
0.0430463
0.042723
0.0424495
0.0422259
0.0420521
0.0419279
0.0418534
0.0418286
