0 0 1 
0.1 0 1 
0.2 0.01 1 
0.3 0.0198663 1 
0.4 0.0296642 1 
0.5 0.0394544 1 
0.6 0.0492952 1 
0.7 0.0592437 1 
0.8 0.0693569 1 
0.9 0.0796933 1 
1 0.0903133 1 
1.1 0.0912814 1 
1.2 0.0922839 1 
1.3 0.0933227 1 
1.4 0.0943994 1 
1.5 0.0955161 1 
1.6 0.0966748 1 
1.7 0.0978777 1 
1.8 0.0991272 1 
1.9 0.100426 1 
2 0.101776 1 
2.1 0.103181 1 
2.2 0.104644 1 
2.3 0.106168 1 
2.4 0.107757 1 
2.5 0.109415 1 
2.6 0.111145 1 
2.7 0.112953 1 
2.8 0.114843 1 
2.9 0.11682 1 
3 0.118891 1 
3.1 0.12106 1 
3.2 0.123337 1 
3.3 0.125726 1 
3.4 0.128237 1 
3.5 0.130879 1 
3.6 0.13366 0.999333 
3.7 0.136588 0.998667 
3.8 0.139674 0.998001 
3.9 0.142929 0.997336 
4 0.146368 0.996671 
4.1 0.150004 0.996007 
4.2 0.153854 0.995343 
4.3 0.157935 0.994679 
4.4 0.162267 0.994016 
4.5 0.166871 0.993353 
4.6 0.171771 0.992691 
4.7 0.176995 0.992029 
4.8 0.18257 0.991368 
4.9 0.188531 0.990707 
5 0.194914 0.990047 
5.1 0.201759 0.989387 
5.2 0.209113 0.988727 
5.3 0.217026 0.988068 
5.4 0.225555 0.987409 
5.5 0.234764 0.986751 
5.6 0.244723 0.986093 
5.7 0.255512 0.985436 
5.8 0.267219 0.984779 
5.9 0.279942 0.984122 
6 0.293787 0.983466 
6.1 0.308873 0.98281 
6.2 0.325326 0.982155 
6.3 0.343281 0.9815 
6.4 0.362878 0.980846 
6.5 0.38426 0.980192 
6.6 0.407561 0.979539 
6.7 0.4329 0.978886 
6.8 0.460362 0.978233 
6.9 0.489982 0.977581 
7 0.521716 0.976929 
7.1 0.555414 0.976278 
7.2 0.590789 0.975627 
7.3 0.627391 0.974977 
7.4 0.6646 0.974327 
7.5 0.701637 0.973677 
7.6 0.737615 0.973028 
7.7 0.771624 0.972379 
7.79999 0.802837 0.971731 
7.89999 0.830619 0.971083 
7.99999 0.854603 0.970436 
8.09999 0.874709 0.969789 
8.2 0.89112 0.969142 
8.3 0.904199 0.968496 
8.4 0.914414 0.967851 
8.5 0.922262 0.967205 
8.6 0.928208 0.966561 
8.7 0.932667 0.965916 
8.8 0.93598 0.965272 
8.9 0.938426 0.964629 
9 0.940221 0.963986 
9.1 0.941532 0.963343 
9.2 0.942483 0.962701 
9.3 0.94317 0.962059 
9.4 0.943663 0.961418 
9.5 0.944013 0.960777 
9.6 0.944258 0.960136 
9.7 0.944427 0.959496 
9.8 0.94454 0.958856 
9.9 0.944612 0.958217 
10 0.944654 0.957578 
10.1 0.944675 0.95694 
10.2 0.944679 0.956302 
10.3 0.944672 0.955665 
10.4 0.944656 0.955027 
10.5 0.944634 0.954391 
10.6 0.944607 0.953754 
10.7 0.944577 0.953119 
10.8 0.944545 0.952483 
10.9 0.94451 0.951848 
11 0.944475 0.951214 
11.1 0.944438 0.95058 
11.2 0.944401 0.949946 
11.3 0.944363 0.949313 
11.4 0.944325 0.94868 
11.5 0.944286 0.948047 
11.6 0.944247 0.947415 
11.7 0.944208 0.946783 
11.8 0.944169 0.946152 
11.9 0.94413 0.945521 
12 0.94409 0.944891 
12.1 0.944051 0.944261 
12.2 0.944012 0.943632 
12.3 0.943972 0.943003 
12.4 0.943933 0.942374 
12.5 0.943893 0.941746 
12.6 0.943853 0.941118 
12.7 0.943814 0.940491 
12.8 0.943774 0.939864 
12.9 0.943734 0.939237 
13 0.943694 0.938611 
13.1 0.943654 0.937985 
13.2 0.943615 0.93736 
13.3 0.943575 0.936735 
13.4 0.943535 0.93611 
13.5 0.943495 0.935486 
13.6 0.943455 0.934863 
13.7 0.943415 0.93424 
13.8 0.943375 0.933617 
13.9 0.943335 0.932994 
14 0.943295 0.932372 
14.1 0.943255 0.931751 
14.2 0.943214 0.93113 
14.3 0.943174 0.930509 
14.4 0.943134 0.929889 
14.5 0.943094 0.929269 
14.6 0.943053 0.928649 
14.7 0.943013 0.92803 
14.8 0.942973 0.927411 
14.9 0.942932 0.926793 
15 0.942892 0.926175 
15.1 0.942852 0.925558 
15.2 0.942811 0.924941 
15.3 0.942771 0.924324 
15.4 0.94273 0.923708 
15.5 0.94269 0.923092 
15.6 0.942649 0.922477 
15.7 0.942608 0.921862 
15.8 0.942568 0.921247 
15.9 0.942527 0.920633 
16 0.942486 0.920019 
16.1 0.942446 0.919406 
16.2 0.942405 0.918793 
16.3 0.942364 0.91818 
16.4 0.942323 0.917568 
16.5 0.942282 0.916956 
16.6 0.942242 0.916345 
16.7 0.942201 0.915734 
16.8 0.94216 0.915124 
16.9 0.942119 0.914514 
17 0.942078 0.913904 
17.1 0.942037 0.913295 
17.2 0.941996 0.912686 
17.3 0.941954 0.912077 
17.4 0.941913 0.911469 
17.5 0.941872 0.910862 
17.6 0.941831 0.910255 
17.7 0.94179 0.909648 
17.8 0.941748 0.909041 
17.9 0.941707 0.908435 
18 0.941666 0.90783 
18.1 0.941624 0.907224 
18.2 0.941583 0.90662 
18.3 0.941542 0.906015 
18.4 0.9415 0.905411 
18.5 0.941459 0.904808 
18.6 0.941417 0.904204 
18.7 0.941376 0.903602 
18.8 0.941334 0.902999 
18.9 0.941293 0.902397 
19 0.941251 0.901796 
19.1 0.941209 0.901194 
19.2 0.941167 0.900594 
19.3 0.941126 0.899993 
19.4 0.941084 0.899393 
19.5 0.941042 0.898794 
19.6 0.941 0.898194 
19.7 0.940958 0.897596 
19.8 0.940917 0.896997 
19.9 0.940875 0.896399 
20 0.940833 0.895802 
20.1 0.940791 0.895204 
20.2 0.940749 0.894608 
20.3 0.940707 0.894011 
20.4 0.940665 0.893415 
20.5 0.940623 0.89282 
20.6 0.94058 0.892224 
20.7 0.940538 0.89163 
20.8 0.940496 0.891035 
20.9 0.940454 0.890441 
21 0.940411 0.889848 
21.1 0.940369 0.889254 
21.2 0.940327 0.888661 
21.3 0.940284 0.888069 
21.4 0.940242 0.887477 
21.5 0.9402 0.886885 
21.6 0.940157 0.886294 
21.7 0.940115 0.885703 
21.8 0.940072 0.885113 
21.9 0.94003 0.884523 
22 0.939987 0.883933 
22.1 0.939944 0.883344 
22.2 0.939902 0.882755 
22.3 0.939859 0.882166 
22.4 0.939816 0.881578 
22.5 0.939773 0.88099 
22.6 0.939731 0.880403 
22.7001 0.939688 0.879816 
22.8001 0.939645 0.87923 
22.9001 0.939602 0.878643 
23.0001 0.939559 0.878058 
23.1001 0.939516 0.877472 
23.2001 0.939473 0.876887 
23.3001 0.93943 0.876303 
23.4001 0.939387 0.875719 
23.5001 0.939344 0.875135 
23.6001 0.939301 0.874551 
23.7001 0.939258 0.873968 
23.8001 0.939215 0.873386 
23.9001 0.939171 0.872803 
24.0001 0.939128 0.872222 
24.1001 0.939085 0.87164 
24.2001 0.939042 0.871059 
24.3001 0.938998 0.870478 
24.4001 0.938955 0.869898 
24.5001 0.938911 0.869318 
24.6001 0.938868 0.868738 
24.7001 0.938825 0.868159 
24.8001 0.938781 0.86758 
24.9001 0.938738 0.867002 
25.0001 0.938694 0.866424 
25.1001 0.93865 0.865846 
25.2001 0.938607 0.865269 
25.3001 0.938563 0.864692 
25.4001 0.938519 0.864116 
25.5001 0.938476 0.86354 
25.6001 0.938432 0.862964 
25.7001 0.938388 0.862389 
25.8001 0.938344 0.861814 
25.9001 0.9383 0.861239 
26.0001 0.938256 0.860665 
26.1001 0.938212 0.860091 
26.2001 0.938168 0.859518 
26.3001 0.938124 0.858945 
26.4001 0.93808 0.858372 
26.5001 0.938036 0.8578 
26.6001 0.937992 0.857228 
26.7001 0.937948 0.856657 
26.8001 0.937904 0.856086 
26.9001 0.93786 0.855515 
27.0001 0.937815 0.854945 
27.1001 0.937771 0.854375 
27.2001 0.937727 0.853805 
27.3001 0.937683 0.853236 
27.4001 0.937638 0.852667 
27.5001 0.937594 0.852099 
27.6001 0.937549 0.85153 
27.7001 0.937505 0.850963 
27.8001 0.93746 0.850396 
27.9001 0.937416 0.849829 
28.0001 0.937371 0.849262 
28.1001 0.937326 0.848696 
28.2001 0.937282 0.84813 
28.3001 0.937237 0.847565 
28.4001 0.937192 0.847 
28.5001 0.937148 0.846435 
28.6001 0.937103 0.845871 
28.7001 0.937058 0.845307 
28.8001 0.937013 0.844743 
28.9001 0.936968 0.84418 
29.0001 0.936923 0.843617 
29.1001 0.936878 0.843055 
29.2001 0.936833 0.842493 
29.3001 0.936788 0.841931 
29.4001 0.936743 0.84137 
29.5001 0.936698 0.840809 
29.6001 0.936653 0.840248 
29.7001 0.936608 0.839688 
29.8001 0.936563 0.839128 
29.9001 0.936518 0.838569 
30.0001 0.936472 0.83801 
30.1001 0.936427 0.837451 
30.2001 0.936382 0.836893 
30.3001 0.936336 0.836335 
30.4001 0.936291 0.835777 
30.5001 0.936245 0.83522 
30.6001 0.9362 0.834663 
30.7001 0.936154 0.834107 
30.8001 0.936109 0.833551 
30.9001 0.936063 0.832995 
31.0001 0.936018 0.83244 
31.1001 0.935972 0.831885 
31.2001 0.935926 0.83133 
31.3001 0.935881 0.830776 
31.4001 0.935835 0.830222 
31.5001 0.935789 0.829669 
31.6001 0.935743 0.829116 
31.7001 0.935697 0.828563 
31.8001 0.935651 0.828011 
31.9001 0.935605 0.827459 
32.0001 0.93556 0.826907 
32.1001 0.935513 0.826356 
32.2001 0.935467 0.825805 
32.3001 0.935421 0.825254 
32.4001 0.935375 0.824704 
32.5001 0.935329 0.824154 
32.6001 0.935283 0.823605 
32.7001 0.935237 0.823056 
32.8001 0.93519 0.822507 
32.9001 0.935144 0.821959 
33.0001 0.935098 0.821411 
33.1001 0.935052 0.820863 
33.2001 0.935005 0.820316 
33.3001 0.934959 0.819769 
33.4001 0.934912 0.819223 
33.5001 0.934866 0.818676 
33.6001 0.934819 0.818131 
33.7001 0.934773 0.817585 
33.8001 0.934726 0.81704 
33.9001 0.934679 0.816495 
34.0001 0.934633 0.815951 
34.1001 0.934586 0.815407 
34.2001 0.934539 0.814864 
34.3 0.934492 0.81432 
34.4 0.934446 0.813777 
34.5 0.934399 0.813235 
34.6 0.934352 0.812693 
34.7 0.934305 0.812151 
34.8 0.934258 0.811609 
34.9 0.934211 0.811068 
35 0.934164 0.810528 
35.1 0.934117 0.809987 
35.2 0.93407 0.809447 
35.3 0.934023 0.808908 
35.4 0.933975 0.808368 
35.5 0.933928 0.807829 
35.6 0.933881 0.807291 
35.7 0.933834 0.806753 
35.8 0.933786 0.806215 
35.9 0.933739 0.805677 
36 0.933692 0.80514 
36.1 0.933644 0.804604 
36.2 0.933597 0.804067 
36.3 0.933549 0.803531 
36.4 0.933502 0.802996 
36.5 0.933454 0.80246 
36.6 0.933406 0.801925 
36.7 0.933359 0.801391 
36.8 0.933311 0.800856 
36.9 0.933263 0.800323 
37 0.933215 0.799789 
37.1 0.933168 0.799256 
37.2 0.93312 0.798723 
37.3 0.933072 0.798191 
37.4 0.933024 0.797658 
37.5 0.932976 0.797127 
37.6 0.932928 0.796595 
37.7 0.93288 0.796064 
37.8 0.932832 0.795533 
37.9 0.932784 0.795003 
38 0.932736 0.794473 
38.1 0.932688 0.793943 
38.2 0.932639 0.793414 
38.3 0.932591 0.792885 
38.4 0.932543 0.792357 
38.5 0.932494 0.791828 
38.6 0.932446 0.7913 
38.7 0.932398 0.790773 
38.8 0.932349 0.790246 
38.9 0.932301 0.789719 
39 0.932252 0.789192 
39.1 0.932204 0.788666 
39.2 0.932155 0.78814 
39.3 0.932107 0.787615 
39.4 0.932058 0.78709 
39.5 0.932009 0.786565 
39.6 0.93196 0.786041 
39.7 0.931912 0.785517 
39.8 0.931863 0.784993 
39.9 0.931814 0.78447 
40 0.931765 0.783947 
40.1 0.931716 0.783424 
40.2 0.931667 0.782902 
40.3 0.931618 0.78238 
40.4 0.931569 0.781858 
40.5 0.93152 0.781337 
40.6 0.931471 0.780816 
40.7 0.931422 0.780296 
40.7999 0.931373 0.779776 
40.8999 0.931323 0.779256 
40.9999 0.931274 0.778736 
41.0999 0.931225 0.778217 
41.1999 0.931175 0.777698 
41.2999 0.931126 0.77718 
41.3999 0.931077 0.776662 
41.4999 0.931027 0.776144 
41.5999 0.930978 0.775626 
41.6999 0.930928 0.775109 
41.7999 0.930879 0.774593 
41.8999 0.930829 0.774076 
41.9999 0.930779 0.77356 
42.0999 0.93073 0.773045 
42.1999 0.93068 0.772529 
42.2999 0.93063 0.772014 
42.3999 0.93058 0.771499 
42.4999 0.93053 0.770985 
42.5999 0.930481 0.770471 
42.6999 0.930431 0.769957 
42.7999 0.930381 0.769444 
42.8999 0.930331 0.768931 
42.9999 0.930281 0.768419 
43.0999 0.930231 0.767906 
43.1999 0.93018 0.767394 
43.2999 0.93013 0.766883 
43.3999 0.93008 0.766372 
43.4999 0.93003 0.765861 
43.5999 0.92998 0.76535 
43.6999 0.929929 0.76484 
43.7999 0.929879 0.76433 
43.8999 0.929829 0.76382 
43.9999 0.929778 0.763311 
44.0999 0.929728 0.762802 
44.1999 0.929677 0.762294 
44.2999 0.929627 0.761786 
44.3999 0.929576 0.761278 
44.4999 0.929525 0.76077 
44.5999 0.929475 0.760263 
44.6999 0.929424 0.759756 
44.7999 0.929373 0.75925 
44.8999 0.929323 0.758744 
44.9999 0.929272 0.758238 
45.0999 0.929221 0.757732 
45.1999 0.92917 0.757227 
45.2999 0.929119 0.756722 
45.3999 0.929068 0.756218 
45.4999 0.929017 0.755714 
45.5999 0.928966 0.75521 
45.6999 0.928915 0.754706 
45.7999 0.928864 0.754203 
45.8999 0.928813 0.7537 
45.9999 0.928761 0.753198 
46.0999 0.92871 0.752696 
46.1999 0.928659 0.752194 
46.2999 0.928607 0.751693 
46.3999 0.928556 0.751191 
46.4999 0.928505 0.750691 
46.5999 0.928453 0.75019 
46.6999 0.928402 0.74969 
46.7999 0.92835 0.74919 
46.8999 0.928298 0.748691 
46.9999 0.928247 0.748192 
47.0999 0.928195 0.747693 
47.1999 0.928144 0.747194 
47.2999 0.928092 0.746696 
47.3998 0.92804 0.746198 
47.4998 0.927988 0.745701 
47.5998 0.927936 0.745204 
47.6998 0.927884 0.744707 
47.7998 0.927832 0.744211 
47.8998 0.92778 0.743714 
47.9998 0.927728 0.743219 
48.0998 0.927676 0.742723 
48.1998 0.927624 0.742228 
48.2998 0.927572 0.741733 
48.3998 0.92752 0.741239 
48.4998 0.927468 0.740744 
48.5998 0.927415 0.740251 
48.6998 0.927363 0.739757 
48.7998 0.927311 0.739264 
48.8998 0.927258 0.738771 
48.9998 0.927206 0.738279 
49.0998 0.927153 0.737786 
49.1998 0.927101 0.737294 
49.2998 0.927048 0.736803 
49.3998 0.926996 0.736312 
49.4998 0.926943 0.735821 
49.5998 0.92689 0.73533 
49.6998 0.926838 0.73484 
49.7998 0.926785 0.73435 
49.8998 0.926732 0.733861 
49.9998 0.926679 0.733371 
50.0998 0.926626 0.732882 
50.1998 0.926573 0.732394 
50.2998 0.92652 0.731906 
50.3998 0.926467 0.731418 
50.4998 0.926414 0.73093 
50.5998 0.926361 0.730443 
50.6998 0.926308 0.729956 
50.7998 0.926255 0.729469 
50.8998 0.926202 0.728983 
50.9998 0.926148 0.728497 
51.0998 0.926095 0.728011 
51.1998 0.926042 0.727526 
51.2998 0.925988 0.727041 
51.3998 0.925935 0.726556 
51.4998 0.925882 0.726072 
51.5998 0.925828 0.725588 
51.6998 0.925774 0.725104 
51.7998 0.925721 0.724621 
51.8998 0.925667 0.724137 
51.9998 0.925614 0.723655 
52.0998 0.92556 0.723172 
52.1998 0.925506 0.72269 
52.2998 0.925452 0.722208 
52.3998 0.925398 0.721727 
52.4998 0.925345 0.721246 
52.5998 0.925291 0.720765 
52.6998 0.925237 0.720284 
52.7998 0.925183 0.719804 
52.8998 0.925129 0.719324 
52.9998 0.925074 0.718845 
53.0998 0.92502 0.718366 
53.1998 0.924966 0.717887 
53.2998 0.924912 0.717408 
53.3998 0.924858 0.71693 
53.4998 0.924803 0.716452 
53.5998 0.924749 0.715974 
53.6998 0.924694 0.715497 
53.7998 0.92464 0.71502 
53.8997 0.924586 0.714543 
53.9997 0.924531 0.714067 
54.0997 0.924476 0.713591 
54.1997 0.924422 0.713115 
54.2997 0.924367 0.71264 
54.3997 0.924312 0.712165 
54.4997 0.924258 0.71169 
54.5997 0.924203 0.711215 
54.6997 0.924148 0.710741 
54.7997 0.924093 0.710267 
54.8997 0.924038 0.709794 
54.9997 0.923983 0.709321 
55.0997 0.923928 0.708848 
55.1997 0.923873 0.708375 
55.2997 0.923818 0.707903 
55.3997 0.923763 0.707431 
55.4997 0.923708 0.706959 
55.5997 0.923653 0.706488 
55.6997 0.923597 0.706017 
55.7997 0.923542 0.705546 
55.8997 0.923487 0.705076 
55.9997 0.923431 0.704606 
56.0997 0.923376 0.704136 
56.1997 0.92332 0.703667 
56.2997 0.923265 0.703198 
56.3997 0.923209 0.702729 
56.4997 0.923154 0.70226 
56.5997 0.923098 0.701792 
56.6997 0.923042 0.701324 
56.7997 0.922986 0.700857 
56.8997 0.922931 0.70039 
56.9997 0.922875 0.699923 
57.0997 0.922819 0.699456 
57.1997 0.922763 0.69899 
57.2997 0.922707 0.698524 
57.3997 0.922651 0.698058 
57.4997 0.922595 0.697593 
57.5997 0.922539 0.697128 
57.6997 0.922483 0.696663 
57.7997 0.922426 0.696199 
57.8997 0.92237 0.695734 
57.9997 0.922314 0.695271 
58.0997 0.922258 0.694807 
58.1997 0.922201 0.694344 
58.2997 0.922145 0.693881 
58.3997 0.922088 0.693418 
58.4997 0.922032 0.692956 
58.5997 0.921975 0.692494 
58.6997 0.921919 0.692032 
58.7997 0.921862 0.691571 
58.8997 0.921805 0.69111 
58.9997 0.921749 0.690649 
59.0997 0.921692 0.690189 
59.1997 0.921635 0.689729 
59.2997 0.921578 0.689269 
59.3997 0.921521 0.688809 
59.4997 0.921464 0.68835 
59.5997 0.921407 0.687891 
59.6997 0.92135 0.687433 
59.7997 0.921293 0.686974 
59.8997 0.921236 0.686516 
59.9997 0.921179 0.686059 
60.0997 0.921122 0.685601 
60.1997 0.921064 0.685144 
60.2997 0.921007 0.684688 
60.3997 0.92095 0.684231 
60.4996 0.920892 0.683775 
60.5996 0.920835 0.683319 
60.6996 0.920777 0.682864 
60.7996 0.92072 0.682408 
60.8996 0.920662 0.681953 
60.9996 0.920605 0.681499 
61.0996 0.920547 0.681044 
61.1996 0.920489 0.68059 
61.2996 0.920431 0.680137 
61.3996 0.920373 0.679683 
61.4996 0.920316 0.67923 
61.5996 0.920258 0.678777 
61.6996 0.9202 0.678325 
61.7996 0.920142 0.677873 
61.8996 0.920084 0.677421 
61.9996 0.920026 0.676969 
62.0996 0.919967 0.676518 
62.1996 0.919909 0.676067 
62.2996 0.919851 0.675616 
62.3996 0.919793 0.675166 
62.4996 0.919734 0.674715 
62.5996 0.919676 0.674266 
62.6996 0.919618 0.673816 
62.7996 0.919559 0.673367 
62.8996 0.919501 0.672918 
62.9996 0.919442 0.672469 
63.0996 0.919383 0.672021 
63.1996 0.919325 0.671573 
63.2996 0.919266 0.671125 
63.3996 0.919207 0.670678 
63.4996 0.919148 0.670231 
63.5996 0.91909 0.669784 
63.6996 0.919031 0.669338 
63.7996 0.918972 0.668891 
63.8996 0.918913 0.668445 
63.9996 0.918854 0.668 
64.0996 0.918795 0.667555 
64.1996 0.918736 0.66711 
64.2996 0.918676 0.666665 
64.3996 0.918617 0.66622 
64.4996 0.918558 0.665776 
64.5996 0.918499 0.665332 
64.6996 0.918439 0.664889 
64.7996 0.91838 0.664445 
64.8996 0.91832 0.664002 
64.9996 0.918261 0.66356 
65.0996 0.918201 0.663117 
65.1996 0.918142 0.662675 
65.2996 0.918082 0.662234 
65.3996 0.918022 0.661792 
65.4996 0.917963 0.661351 
65.5996 0.917903 0.66091 
65.6996 0.917843 0.660469 
65.7996 0.917783 0.660029 
65.8996 0.917723 0.659589 
65.9996 0.917663 0.659149 
66.0996 0.917603 0.65871 
66.1996 0.917543 0.658271 
66.2996 0.917483 0.657832 
66.3996 0.917423 0.657393 
66.4996 0.917362 0.656955 
66.5996 0.917302 0.656517 
66.6996 0.917242 0.656079 
66.7996 0.917181 0.655642 
66.8996 0.917121 0.655205 
66.9995 0.91706 0.654768 
67.0995 0.917 0.654332 
67.1995 0.916939 0.653895 
67.2995 0.916879 0.653459 
67.3995 0.916818 0.653024 
67.4995 0.916757 0.652588 
67.5995 0.916697 0.652153 
67.6995 0.916636 0.651719 
67.7995 0.916575 0.651284 
67.8995 0.916514 0.65085 
67.9995 0.916453 0.650416 
68.0995 0.916392 0.649983 
68.1995 0.916331 0.649549 
68.2995 0.91627 0.649116 
68.3995 0.916209 0.648683 
68.4995 0.916148 0.648251 
68.5995 0.916086 0.647819 
68.6995 0.916025 0.647387 
68.7995 0.915964 0.646955 
68.8995 0.915902 0.646524 
68.9995 0.915841 0.646093 
69.0995 0.915779 0.645662 
69.1995 0.915718 0.645232 
69.2995 0.915656 0.644802 
69.3995 0.915595 0.644372 
69.4995 0.915533 0.643942 
69.5995 0.915471 0.643513 
69.6995 0.915409 0.643084 
69.7995 0.915347 0.642655 
69.8995 0.915285 0.642227 
69.9995 0.915224 0.641799 
70.0995 0.915162 0.641371 
70.1995 0.9151 0.640943 
70.2995 0.915037 0.640516 
70.3995 0.914975 0.640089 
70.4995 0.914913 0.639662 
70.5995 0.914851 0.639236 
70.6995 0.914788 0.63881 
70.7995 0.914726 0.638384 
70.8995 0.914664 0.637958 
70.9995 0.914601 0.637533 
71.0995 0.914539 0.637108 
71.1995 0.914476 0.636683 
71.2995 0.914414 0.636259 
71.3995 0.914351 0.635834 
71.4995 0.914288 0.63541 
